series {
  title = "batch test 20, length=180"
  start = 1980.1
  data = (100.79 106.12 109.61 110.90 109.57 106.30 101.61 96.57 93.12 91.90 93.49 96.69
102.09 107.52 110.80 112.10 109.64 105.31 100.41 96.21 93.53 91.88 93.35 97.36
102.68 107.98 111.99 113.92 113.13 108.81 102.95 96.92 93.10 91.94 92.61 96.08
101.11 105.35 108.45 110.55 109.30 105.55 100.07 94.59 91.13 89.07 90.42 94.13
98.89 104.41 109.14 110.16 109.99 106.41 101.40 96.37 93.04 91.91 94.05 97.63
102.16 106.78 110.27 111.63 109.58 106.09 101.03 96.59 92.01 91.50 93.55 96.71
101.87 106.75 110.57 111.62 109.77 106.06 100.70 96.23 92.19 91.03 92.26 95.64
100.92 107.13 110.69 112.30 110.65 107.46 102.10 97.34 93.49 92.31 92.45 96.20
101.52 105.83 108.91 109.87 108.78 104.51 99.52 94.27 90.56 88.76 89.79 94.15
99.20 103.84 108.06 108.93 107.45 103.45 98.21 93.14 89.71 88.92 89.99 92.99
98.43 103.10 107.16 108.64 107.78 103.91 98.81 94.63 90.52 89.30 90.99 95.46
100.32 105.90 109.94 111.15 109.42 106.05 100.70 96.07 92.35 91.04 92.51 95.87
101.02 105.64 108.94 110.29 108.92 105.40 100.31 94.49 91.16 89.86 90.79 94.24
99.34 104.79 108.28 109.53 108.33 104.93 99.93 95.37 91.74 90.14 91.80 95.39
100.47 105.41 109.57 111.82 110.67 107.90 102.33 96.94 94.08 92.51 93.45 97.93)
}
x11 { }
