series {
  title = "batch test 11, length=84"
  start = 1980.1
  data = (100.80 105.07 108.43 110.18 108.97 105.61 100.18 95.51 91.10 90.75 92.37 97.43
102.43 107.16 111.13 112.70 111.90 107.66 102.84 97.95 94.11 92.94 93.21 96.86
101.47 106.61 110.34 112.09 110.32 106.85 102.33 97.42 94.26 92.61 93.89 98.71
104.05 108.98 112.03 113.07 112.43 108.76 104.18 98.90 94.86 93.51 94.95 98.48
103.47 107.64 111.28 112.78 111.07 107.84 103.31 98.60 95.65 94.42 95.81 99.09
103.92 108.58 111.69 112.98 111.20 108.21 102.63 98.04 94.43 93.02 94.45 98.42
103.77 108.07 112.00 113.68 112.27 108.60 104.12 99.39 96.12 94.46 94.97 99.28)
}
x11 { }
