series {
  title = "batch test 18, length=144"
  start = 1980.1
  data = (100.11 104.31 108.37 110.22 108.07 104.74 100.09 94.25 90.78 89.84 91.12 95.23
99.53 104.80 108.52 109.95 109.16 105.04 100.06 95.23 91.23 89.79 91.16 95.27
99.69 104.28 107.35 107.69 106.14 101.82 96.68 90.83 87.61 86.65 87.76 91.79
96.73 101.33 103.97 104.95 104.08 99.76 94.93 89.90 86.36 85.60 87.34 90.96
95.79 100.89 105.48 106.33 104.60 100.24 94.75 90.10 86.60 85.61 87.57 90.75
95.61 100.63 103.52 104.15 103.41 100.50 95.74 90.86 86.76 85.18 86.79 90.49
94.74 100.32 104.42 105.13 103.51 99.43 94.34 89.13 86.26 84.92 85.75 89.33
94.42 99.19 103.25 104.80 103.04 99.14 94.59 89.19 86.26 84.22 84.85 89.04
94.81 100.24 104.44 106.63 105.79 101.93 97.24 92.25 89.44 87.94 90.09 93.63
98.83 103.36 106.35 108.05 106.89 102.66 98.43 93.60 89.87 88.57 89.49 93.18
98.78 104.65 108.10 109.70 108.58 105.29 100.64 95.85 92.40 91.01 93.15 97.19
102.19 107.81 111.37 112.95 112.03 108.88 103.54 98.57 94.62 92.99 94.84 98.23)
}
x11 { }
