series {
  title = "batch test 12, length=84"
  start = 1980.1
  data = (99.75 104.42 108.05 109.48 108.50 104.49 99.29 93.84 89.96 88.58 90.22 93.97
99.17 104.30 107.74 108.46 107.44 103.61 98.19 93.42 89.58 87.89 89.98 93.75
98.70 104.21 107.76 109.11 108.26 104.87 99.62 94.20 91.59 89.77 90.59 94.16
99.57 104.13 108.14 109.55 107.75 103.79 98.64 93.10 90.04 89.08 90.40 93.08
97.93 103.10 107.15 108.36 106.75 103.24 99.05 94.35 91.12 90.04 91.81 94.99
99.51 104.25 108.29 109.24 108.91 105.26 99.76 94.30 90.28 89.46 90.90 94.31
99.84 105.39 109.15 109.80 108.19 104.46 99.35 95.53 92.14 90.72 92.77 96.68)
}
x11 { }
