series {
  title = "batch test 17, length=144"
  start = 1980.1
  data = (99.24 104.41 108.01 108.64 106.78 103.16 98.46 93.49 89.78 88.24 89.30 93.00
98.25 103.09 106.67 108.29 107.15 103.66 98.54 92.76 89.38 87.98 89.37 92.86
98.10 103.08 106.64 108.01 106.91 102.83 98.16 93.14 89.41 87.54 89.44 93.45
98.00 101.96 105.30 106.09 105.30 102.18 97.30 92.06 88.38 87.30 88.35 92.34
96.88 102.00 105.95 107.53 105.94 101.92 96.43 91.14 87.72 86.80 88.15 91.83
97.20 101.72 105.79 107.48 106.81 103.46 98.52 93.40 89.64 88.01 88.73 92.68
97.76 103.13 107.15 108.27 107.28 104.10 100.37 94.67 90.83 88.36 89.36 92.24
97.09 102.05 105.27 105.82 104.29 100.89 96.20 91.23 87.48 86.44 87.31 91.55
96.76 101.31 105.20 107.07 105.65 103.09 97.68 92.77 88.86 88.00 90.12 93.92
98.24 103.18 107.26 108.55 108.01 104.31 99.09 94.27 90.39 89.03 91.13 94.05
98.70 103.78 107.61 107.58 106.36 102.38 97.26 91.84 88.65 86.67 88.40 91.38
96.89 101.52 104.54 105.22 104.08 100.49 94.63 88.87 85.67 83.71 84.83 88.24)
}
x11 { }
