series {
  title = "batch test 19, length=180"
  start = 1980.1
  data = (100.59 105.48 109.61 110.80 109.54 105.09 100.05 95.37 90.60 89.24 89.97 93.16
97.39 103.51 106.04 107.42 106.35 103.92 98.59 93.49 89.94 88.13 89.49 92.27
97.39 102.25 106.73 107.70 105.39 102.48 98.76 93.89 90.19 89.16 89.51 93.45
98.04 102.85 106.65 108.14 106.63 102.78 98.47 93.82 91.23 89.40 90.48 93.95
98.45 102.90 106.20 107.86 106.28 103.08 97.66 91.92 88.28 86.65 87.92 91.71
96.66 100.86 104.56 105.90 104.87 102.24 98.08 93.28 89.78 88.35 90.06 94.06
98.95 104.24 108.59 109.44 108.22 104.79 100.15 95.56 91.49 90.23 91.57 96.09
101.26 105.57 109.36 111.65 109.98 107.16 101.94 96.53 92.34 91.42 93.80 97.78
102.34 106.51 110.02 111.81 110.80 107.00 101.37 96.81 93.49 91.58 92.43 96.73
101.10 106.24 110.09 111.58 109.37 106.03 101.67 97.25 93.39 92.90 94.94 99.47
104.72 110.20 113.33 114.27 112.10 109.03 104.39 99.78 96.07 94.79 96.26 99.95
105.08 110.53 113.81 114.28 111.84 108.00 103.07 98.81 95.07 94.13 95.66 98.92
104.44 109.42 113.08 114.67 113.45 110.25 105.05 100.11 96.82 94.51 95.74 99.91
105.17 110.40 114.58 115.57 114.88 110.76 105.57 100.54 98.15 96.91 97.50 102.31
107.65 113.22 117.38 118.51 117.55 113.78 108.50 102.93 99.33 98.49 100.16 103.80)
}
x11 { }
