series {
  title = "batch test 15, length=120"
  start = 1980.1
  data = (99.87 104.82 108.74 109.95 108.74 105.49 100.16 94.23 90.53 89.88 92.08 96.07
100.55 105.52 108.97 110.28 108.29 104.92 99.23 94.74 91.11 90.10 90.71 94.71
99.41 105.06 109.01 110.56 109.80 106.60 101.74 96.60 92.87 91.09 92.90 95.96
100.63 106.08 110.10 111.96 110.51 107.03 102.33 97.18 93.52 92.85 95.26 98.59
103.33 108.24 112.86 114.16 113.62 109.16 103.91 99.16 95.23 94.47 95.78 98.98
104.29 109.09 113.48 114.85 114.33 111.41 106.33 101.26 97.64 96.56 98.76 102.08
107.39 112.57 116.70 117.99 116.87 113.80 108.99 103.52 100.30 99.20 100.75 104.75
108.89 113.97 116.99 118.51 116.94 113.46 109.06 104.82 101.04 99.93 102.30 106.67
112.57 117.80 121.08 121.91 120.75 116.22 111.00 106.18 102.57 100.26 101.42 105.61
111.38 116.75 119.42 120.88 120.04 115.45 110.52 106.03 102.32 100.41 102.53 106.85)
}
x11 { }
