series {
  title = "batch test 23, length=240"
  start = 1980.1
  data = (100.87 105.12 109.92 111.65 109.41 105.56 100.31 94.46 91.29 89.42 90.41 93.92
98.76 103.60 107.15 108.62 107.37 103.26 98.21 92.27 87.97 87.08 88.57 92.24
97.34 102.84 106.93 108.03 107.79 104.46 98.64 94.19 90.30 88.52 89.94 93.82
99.04 104.26 107.50 109.27 107.99 104.38 98.86 94.51 90.50 89.68 90.07 93.55
98.86 104.49 108.57 110.70 109.96 106.55 100.89 96.18 92.32 90.06 91.94 95.86
101.38 106.24 109.56 111.01 108.65 105.61 101.04 96.06 91.26 90.46 91.24 94.85
100.11 104.56 108.12 109.50 108.64 105.22 100.06 94.59 91.90 90.81 92.33 96.08
99.78 104.44 107.67 108.91 107.55 104.45 99.60 94.90 91.07 90.17 91.49 94.95
99.37 104.35 108.07 110.40 109.01 105.50 101.26 94.67 91.21 89.22 90.05 94.83
99.03 103.80 108.28 109.24 107.61 103.53 100.20 95.87 91.84 90.52 91.58 94.93
99.61 105.23 108.93 111.02 110.45 106.89 102.06 97.32 93.76 93.32 94.67 98.27
103.04 107.58 112.04 112.62 111.72 109.54 104.40 100.21 96.06 95.05 97.20 101.02
105.59 110.05 113.10 114.86 113.93 110.18 105.33 100.20 95.76 95.32 96.53 99.97
106.23 111.76 115.85 117.63 116.06 111.32 106.83 102.01 98.77 98.10 99.88 103.71
109.04 113.89 117.16 118.04 116.44 112.49 107.60 102.68 99.61 98.40 99.89 103.40
108.63 113.42 117.60 119.74 118.99 114.90 110.29 104.39 101.80 100.95 101.49 105.57
110.21 115.00 118.40 120.29 119.31 115.02 109.72 105.49 101.86 100.10 101.39 105.06
111.34 115.96 120.45 121.93 120.49 117.59 112.88 107.13 103.73 102.42 103.68 107.84
113.19 118.34 122.43 124.40 122.08 118.24 113.95 109.60 107.04 106.84 108.94 112.36
116.73 121.78 126.09 127.93 126.41 122.74 117.68 112.48 108.76 106.77 107.81 110.77)
}
x11 { }
