series {
  title = "batch test 22, length=240"
  start = 1980.1
  data = (99.76 104.93 108.72 109.95 108.13 104.89 100.74 96.23 93.41 92.56 94.30 97.93
103.21 108.23 112.72 114.50 113.81 110.56 105.28 99.93 96.77 94.91 96.57 100.08
105.10 109.58 113.58 114.79 114.21 111.13 105.83 99.89 96.67 96.47 97.65 101.80
105.83 111.08 115.45 116.98 114.82 110.94 105.87 101.42 97.80 96.33 97.70 100.64
106.02 110.92 113.90 115.38 113.86 110.86 105.69 99.79 96.09 94.95 95.69 98.85
103.42 108.62 111.80 113.50 112.00 108.73 103.94 99.44 95.38 93.71 94.70 98.84
103.59 108.83 112.77 114.72 113.36 109.07 104.19 99.49 95.32 94.40 95.14 98.85
104.01 109.27 112.29 113.81 112.10 107.67 101.50 95.95 92.50 91.72 93.44 97.24
103.25 108.74 112.21 112.87 110.90 107.16 102.07 96.91 92.77 92.16 94.23 96.93
102.13 106.19 109.26 111.15 109.06 105.10 100.10 95.39 92.22 91.32 93.38 97.44
101.55 106.36 109.63 110.88 109.80 106.24 101.49 96.40 92.18 90.64 92.33 96.59
100.69 104.26 108.43 109.81 108.97 105.32 100.22 95.75 92.21 91.40 92.84 95.70
101.10 106.35 109.79 110.77 108.93 105.14 99.92 95.23 91.80 89.79 91.40 95.16
101.15 106.89 110.48 112.20 111.82 107.86 103.98 98.77 95.23 94.02 95.77 99.08
103.70 108.03 112.03 113.34 111.86 107.12 102.19 97.35 93.81 91.74 92.74 95.65
99.69 104.54 107.80 109.46 108.78 105.38 100.08 94.98 91.84 90.40 91.38 95.89
101.02 105.72 109.71 110.54 108.75 104.36 99.35 94.30 91.34 90.18 91.93 95.12
100.19 105.70 110.00 110.74 108.79 104.52 99.71 94.53 90.27 89.64 91.46 94.75
101.40 105.75 109.53 110.62 108.92 104.55 100.31 95.15 91.33 89.50 91.47 95.16
100.20 105.35 109.07 110.47 109.09 103.79 97.91 93.91 89.99 88.14 89.41 92.44)
}
x11 { }
