series {
  title = "batch test 14, length=120"
  start = 1980.1
  data = (99.45 104.72 108.87 109.42 107.70 102.39 96.65 91.75 88.44 86.62 88.43 91.32
95.90 100.32 102.40 104.52 103.34 99.35 94.42 89.00 85.10 83.39 84.33 87.84
92.54 96.74 101.19 101.84 100.24 96.54 90.85 86.26 81.84 80.32 81.48 84.97
89.25 94.48 98.56 99.25 98.60 94.04 89.70 84.61 80.93 79.85 81.21 85.27
89.94 94.91 98.00 98.67 97.55 94.50 89.32 84.33 79.99 78.17 79.12 82.84
88.12 93.57 96.41 97.88 95.72 92.42 87.83 83.33 79.83 78.39 79.40 82.93
87.87 92.97 96.33 97.48 96.61 93.49 89.46 84.50 80.51 78.66 79.81 83.90
88.30 93.16 97.39 99.12 97.99 95.28 89.94 84.64 80.81 79.18 80.80 85.23
90.41 95.27 99.85 100.47 99.51 95.57 91.02 86.54 82.63 80.20 81.94 84.63
90.02 93.73 97.42 98.89 97.34 94.41 89.95 85.66 81.79 80.47 81.92 85.41)
}
x11 { }
