series {
  title = "batch test 21, length=180"
  start = 1980.1
  data = (99.73 105.07 109.67 111.12 109.75 105.97 101.36 97.02 93.94 92.88 93.28 96.71
102.06 106.15 110.59 111.90 110.57 107.86 102.20 96.40 93.17 92.58 93.82 98.62
103.91 109.75 113.51 114.82 114.24 110.41 104.93 100.06 96.66 94.88 96.17 100.31
105.23 110.78 113.59 114.93 114.07 110.78 105.44 101.13 97.54 96.25 97.34 100.48
105.83 111.08 114.56 115.60 113.68 109.35 104.29 99.52 95.54 93.73 95.90 99.41
104.68 110.12 113.42 114.63 113.05 109.58 104.92 99.78 95.35 94.54 95.70 98.66
104.13 109.67 112.85 114.83 113.53 110.33 105.47 100.21 96.41 95.50 97.02 100.06
105.77 110.76 115.11 117.05 116.60 113.09 107.40 101.86 98.19 96.84 97.67 102.18
106.94 112.18 116.00 116.75 115.83 111.63 106.63 101.89 98.62 97.79 99.27 103.15
107.94 113.12 115.92 117.45 116.45 112.85 108.50 102.89 98.01 97.15 98.67 101.43
106.32 111.62 115.53 117.27 115.88 111.88 107.63 103.67 100.28 99.09 99.98 104.23
109.13 114.22 117.50 117.74 115.81 112.15 107.78 102.57 98.96 98.26 98.67 101.90
107.45 112.10 114.68 116.90 115.80 112.78 108.19 103.01 99.42 97.71 99.21 102.18
106.55 111.36 114.89 116.08 114.41 110.95 105.88 100.70 96.83 95.56 96.41 99.81
105.31 111.12 115.41 117.41 115.78 111.86 106.89 102.73 98.80 96.63 97.94 101.37)
}
x11 { }
