series {
  title = "batch test 24, length=240"
  start = 1980.1
  data = (99.54 104.68 108.50 109.40 108.11 104.48 98.44 93.34 88.45 87.49 88.90 92.85
97.53 101.99 105.46 107.29 105.88 101.50 96.14 90.45 86.64 85.02 85.35 89.20
93.63 98.95 102.81 104.40 103.24 99.78 94.20 89.17 85.64 84.46 86.00 90.15
95.11 99.80 103.35 104.66 103.49 99.41 94.03 89.24 85.49 84.64 85.84 89.79
95.10 100.54 103.73 104.44 102.79 98.82 93.73 89.21 84.76 83.63 85.66 88.73
93.63 98.21 102.08 102.73 101.07 97.35 91.70 86.12 82.03 81.02 81.29 84.95
90.06 95.12 98.84 100.85 99.12 95.81 91.09 85.85 82.87 81.33 83.11 87.51
92.30 96.51 99.95 100.74 99.75 96.14 90.86 85.65 82.77 81.19 82.65 85.57
90.80 95.74 98.86 100.58 99.22 95.33 90.02 84.93 80.95 79.57 81.18 84.47
88.90 94.15 97.46 99.07 98.58 94.73 89.51 84.29 80.92 80.38 82.03 85.40
90.28 94.28 98.47 99.57 97.62 93.63 88.29 83.25 80.46 79.76 80.52 83.14
88.57 93.71 97.05 98.48 97.03 93.11 88.06 83.49 79.92 78.83 80.78 85.12
89.92 94.24 98.66 100.10 99.01 95.06 90.37 84.81 81.82 80.46 81.40 85.10
89.70 95.19 98.51 99.87 97.66 93.88 89.62 85.41 81.25 80.32 81.36 84.97
89.73 94.37 98.25 99.57 98.79 95.20 90.71 85.53 81.98 81.64 82.11 86.18
91.33 96.63 100.16 100.97 99.48 95.61 91.30 86.17 82.64 82.06 83.52 87.12
92.87 98.41 101.02 101.78 100.85 97.25 91.99 87.10 83.73 82.48 84.50 88.37
93.16 98.10 101.75 102.05 100.04 96.62 91.77 86.63 83.49 83.08 84.17 87.48
92.08 96.63 99.78 101.54 99.41 95.37 90.25 84.53 80.30 78.68 79.73 82.69
88.17 93.11 96.60 97.58 96.55 92.77 87.61 82.81 78.90 78.14 80.39 84.19)
}
x11 { }
