series {
  title = "batch test 16, length=144"
  start = 1980.1
  data = (100.64 105.44 109.33 110.60 109.49 105.76 100.32 94.97 90.69 89.64 90.89 95.16
99.25 103.61 106.96 108.13 106.95 104.20 99.34 93.98 90.52 88.95 90.99 95.06
99.74 105.33 109.31 111.00 108.79 104.12 99.31 94.34 90.52 88.85 89.84 93.59
98.36 103.20 107.03 107.83 105.94 101.83 96.61 92.04 88.52 87.13 87.81 91.58
95.83 100.83 104.93 106.00 103.73 100.56 95.99 91.50 87.29 85.06 85.84 89.36
94.24 99.51 103.49 104.59 103.24 99.54 94.57 89.02 84.66 83.43 85.21 88.06
93.48 98.85 102.76 104.36 103.44 100.17 96.09 90.84 87.32 85.98 87.34 90.74
95.80 100.33 103.87 104.84 103.58 99.15 95.19 90.75 87.16 85.45 86.44 91.24
95.95 101.62 104.67 106.36 104.32 100.81 95.22 89.79 85.41 83.81 85.64 89.78
94.58 99.01 102.86 103.05 101.25 97.61 93.05 88.20 84.53 82.43 83.42 86.67
91.46 96.55 101.07 102.97 101.37 97.99 93.87 89.22 86.11 85.69 87.11 91.26
96.27 101.81 105.06 107.87 107.76 104.15 99.28 94.45 91.32 89.48 90.85 93.47)
}
x11 { }
