series {
  title = "batch test 10, length=84"
  start = 1980.1
  data = (100.17 104.76 107.57 109.54 108.62 105.28 99.76 94.27 90.45 89.30 90.74 93.48
97.55 101.97 105.79 107.81 105.95 102.61 96.75 91.79 88.30 86.48 88.15 92.03
96.58 102.56 106.11 107.81 106.15 102.53 96.19 91.41 87.40 85.16 85.47 89.31
94.36 99.96 103.01 104.04 102.65 99.03 93.96 88.82 84.76 83.34 83.82 87.18
91.90 96.74 100.77 101.90 101.00 96.80 91.71 86.47 82.94 82.49 83.64 87.63
92.65 98.33 102.19 103.84 102.89 99.68 95.04 90.01 85.62 84.43 86.11 90.34
95.54 100.72 104.13 105.05 102.97 98.79 94.15 90.00 86.31 85.17 87.34 91.02)
}
x11 { }
