series {
  title = "batch test 13, length=120"
  start = 1980.1
  data = (99.52 104.95 109.38 110.64 109.02 104.89 100.12 95.49 91.65 90.82 91.86 95.65
100.43 105.11 108.79 110.25 109.17 105.89 100.26 95.15 91.15 89.90 91.50 94.80
100.03 105.37 108.74 109.78 108.97 104.97 99.47 94.91 91.75 90.05 90.48 94.39
99.30 104.16 108.23 109.32 108.15 104.09 99.35 94.37 90.11 88.59 89.89 93.58
98.79 104.42 108.01 109.59 108.18 104.21 99.09 94.12 90.60 89.57 90.07 93.53
98.64 103.98 108.35 109.98 107.98 103.36 98.18 93.55 89.82 88.92 90.26 93.56
98.53 103.56 106.00 107.09 105.54 102.00 96.96 91.67 88.01 86.36 87.27 91.51
96.72 102.39 105.84 105.88 104.94 101.29 97.29 92.18 88.60 86.84 88.32 92.15
98.06 102.58 105.88 107.34 106.84 103.19 98.13 92.43 88.87 87.08 88.41 91.75
96.76 102.62 106.32 108.28 106.56 102.66 97.65 91.72 89.31 88.14 89.53 93.79)
}
x11 { }
